0.158530 0.486901
0.792202 0.762825
0.738013 0.827616
0.615232 0.064454
0.107092 0.863317
0.395908 0.043916
0.848473 0.112317
0.095420 0.786050
0.684045 0.631946
0.771410 0.386939
0.997176 0.122313
0.758012 0.929986
0.762533 0.084336
0.533326 0.509709
0.636874 0.972299
0.950162 0.341602
0.441805 0.922723
0.374015 0.653670
0.778271 0.564235
0.671664 0.493681
0.052601 0.617204
0.924451 0.805943
0.765215 0.477260
0.202208 0.132361
0.515627 0.743434
0.726965 0.074768
0.811187 0.699469
0.279975 0.219012
0.432028 0.086015
0.761284 0.565975
0.800981 0.111699
0.397958 0.640721
0.534756 0.542728
0.215252 0.358151
0.111487 0.883491
0.034437 0.412054
0.379750 0.114754
0.441644 0.424156
0.455495 0.191372
0.883997 0.340742
0.405828 0.518063
0.292495 0.596652
0.002402 0.919627
0.405497 0.379956
0.742196 0.201104
0.272321 0.925283
0.279752 0.253704
0.253414 0.139821
0.392490 0.803965
0.201671 0.023183
0.609499 0.326418
0.408944 0.280827
0.674240 0.344163
0.332389 0.250458
0.082906 0.327106
0.077279 0.761790
0.042681 0.664200
0.106006 0.832295
0.327990 0.733889
0.667471 0.165028
0.677804 0.926069
0.996673 0.259360
0.573410 0.579200
0.421273 0.571400
0.463559 0.187845
0.130020 0.568147
0.762709 0.908728
0.507383 0.707865
0.238117 0.347525
0.619375 0.348913
0.722820 0.843946
0.647478 0.340225
0.444092 0.989274
0.810728 0.578885
0.640736 0.908365
0.590462 0.133695
0.557636 0.917234
0.877854 0.628368
0.352251 0.527682
0.001319 0.453968
0.925306 0.412045
0.459003 0.037425
0.196685 0.863969
0.580991 0.831431
0.887617 0.495244
0.276560 0.910786
0.441488 0.394066
0.483670 0.061173
0.318183 0.736693
0.931086 0.028636
0.530642 0.892334
0.347933 0.161464
0.957348 0.390190
0.311134 0.020936
0.660756 0.727921
0.508105 0.663342
0.169222 0.892430
0.310263 0.202943
0.438764 0.636692
0.202267 0.953977
0.001028 0.010452
0.792647 0.919583
0.625142 0.377996
0.843316 0.646461
0.673651 0.172755
0.998684 0.496322
0.216530 0.936410
0.669476 0.198679
0.882317 0.769212
0.832015 0.144204
0.371683 0.178623
0.340678 0.253929
0.536296 0.454963
0.719356 0.416711
0.934651 0.125615
0.297199 0.425933
0.816531 0.743421
0.984556 0.066090
0.559095 0.250287
0.946981 0.500900
0.680112 0.423567
0.928276 0.396820
0.687639 0.460705
0.998031 0.279303
0.190495 0.586672
0.054709 0.463863
0.890175 0.679098
0.502306 0.530019
0.302363 0.297621
0.136731 0.713357
0.315023 0.176785
0.427488 0.779494
0.980058 0.195976
0.060907 0.913408
0.256845 0.075174
0.823067 0.908579
0.778461 0.561954
0.643746 0.472647
0.095232 0.672994
0.897120 0.779711
0.265256 0.632452
0.860611 0.494189
0.107860 0.509922
0.570205 0.367073
0.913461 0.202306
0.178699 0.162670
0.912127 0.326746
0.322781 0.112412
0.343141 0.795911
0.935493 0.311998
0.539173 0.332238
0.402538 0.479154
0.041215 0.944375
0.954082 0.271498
0.394194 0.436878
0.708067 0.927478
0.938254 0.353360
0.836779 0.338086
0.606951 0.363600
0.915267 0.783010
0.471178 0.996764
0.628420 0.472139
0.526387 0.795699
0.662892 0.721783
0.010765 0.421401
0.790754 0.064718
0.363251 0.972075
0.863644 0.844133
0.782871 0.797839
0.679353 0.873790
0.234636 0.389950
0.457232 0.560170
0.662267 0.502543
0.964410 0.477123
0.114350 0.525231
0.171784 0.759501
0.468006 0.266493
0.686868 0.839491
0.443002 0.730667
0.110027 0.987837
0.639220 0.175419
0.891262 0.841859
0.401735 0.721955
0.226649 0.603167
0.420256 0.056816
0.026689 0.870194
0.103494 0.311955
0.013231 0.134128
0.934057 0.038903
0.557314 0.811575
0.205745 0.303174
0.957174 0.313252
0.772693 0.316665
0.473819 0.055229
0.698545 0.698661
0.591020 0.507727
0.983948 0.410146
0.647187 0.346188
0.871874 0.641488
0.198560 0.520342
0.582875 0.450152
0.216251 0.589182
0.716133 0.742960
0.494164 0.983262
0.967214 0.276507
0.450395 0.950460
0.259720 0.709708
0.841712 0.817298
0.865592 0.384030
0.778819 0.855174
0.597572 0.429842
0.829547 0.479316
0.697401 0.001391
0.927783 0.727986
0.614606 0.928292
0.267849 0.970464
0.473267 0.837986
0.357216 0.574557
0.657947 0.851512
0.924845 0.827839
0.615012 0.284004
0.438122 0.751581
0.661846 0.391700
0.568252 0.572289
0.324015 0.098840
0.062164 0.523002
0.479216 0.810686
0.128363 0.334971
0.376889 0.872999
0.624856 0.250085
0.423666 0.973648
0.049184 0.635350
0.477356 0.798657
0.573745 0.313001
0.275960 0.552807
0.144025 0.533271
0.543259 0.534040
0.963010 0.111562
0.258792 0.811267
0.521956 0.627782
0.557585 0.196756